__version__:
  serializer: 1
  data: 1
CameraIntrinsics:
  CameraMatrix:
    CX: 982.552307128906
    CY: 632.292724609375
    FX: 1782.74841308594
    FY: 1781.40795898438
  Distortion:
    K1: -0.0866530612111092
    K2: 0.107657209038734
    K3: -0.0349026061594486
    P1: 0.00202620169147849
    P2: -0.00100157246924937