__version__:
  serializer: 1
  data: 1
CameraIntrinsics:
  CameraMatrix:
    CX: 962.809448242188
    CY: 608.015991210938
    FX: 2770.68701171875
    FY: 2770.2841796875
  Distortion:
    K1: -0.275156229734421
    K2: 0.414715975522995
    K3: -0.545014679431915
    P1: 0.000582357228267938
    P2: 0.000168927072081715