%YAML:1.0
---
PoseState0: !!opencv-matrix
   rows: 4
   cols: 4
   dt: d
   data: [ 2.9936371949237984e-03, -9.8955424645441148e-01,
       -1.4412991174765630e-01, -1.3703065490722656e+02,
       9.4148491702204007e-01, -4.5789195000972588e-02,
       3.3393038292609029e-01, -2.5374071121215820e+01,
       -3.3704182107914671e-01, -1.3669580441697882e-01,
       9.3151332137465848e-01, 8.6959552001953125e+02, 0., 0., 0., 1. ]
