%YAML:1.0
---
PoseState0: !!opencv-matrix
   rows: 4
   cols: 4
   dt: d
   data: [ -7.7710517537428225e-01, 6.2561568380618854e-02,
       -6.2625362000411866e-01, 5.1159652709960938e+01,
       -5.1256017398475580e-02, -9.9803290336692063e-01,
       -3.6099092473938693e-02, -1.9969223737716675e+00,
       -6.2728013445904152e-01, 4.0464748549768684e-03,
       7.7878319123764794e-01, 6.4561236572265625e+02, 0., 0., 0., 1. ]
