%YAML:1.0
---
PoseState: !!opencv-matrix
   rows: 4
   cols: 4
   dt: f
   data: [ -1.52643966e-02, -9.99315023e-01, 3.37116420e-02,
       -2.68839798e+01, -9.65478182e-01, 5.96248358e-03, -2.60415733e-01,
       6.69086380e+01, 2.60036349e-01, -3.65229435e-02, -9.64907885e-01,
       -3.33924942e+01, 0., 0., 0., 1. ]
