%YAML:1.0
---
PoseState: !!opencv-matrix
   rows: 4
   cols: 4
   dt: f
   data: [ 9.96736109e-01, -4.03776616e-02, 6.99055493e-02,
       5.69500000e+02, 2.08233837e-02, 9.65220213e-01, 2.60607570e-01,
       3.17700012e+02, -7.79969767e-02, -2.58301288e-01, 9.62910652e-01,
       5.69299988e+02, 0., 0., 0., 1. ]
